1768890944070 0.06729464285714287 0
1768890954913 0.03427586989795918 1
1768890963996 0.001238239795918361 2
1768890972978 0.0009151428571428572 3
1768890981084 0.0008868571428571428 4
1768890990382 0.0008585714285714287 5
1768890999987 0.0008302857142857142 6
1768891009602 0.0008020000000000001 7
1768891018378 0.0007737142857142858 8
1768891028012 0.0007454285714285715 9
1768891037716 0.0007171428571428572 10
1768891046374 0.0006888571428571429 11
1768891055948 0.0006605714285714286 12
1768891065920 0.0006322857142857142 13
1768891075435 0.000604 14
1768891084415 0.0005757142857142857 15
1768891094091 0.0005474285714285715 16
1768891103686 0.0005191428571428571 17
1768891112337 0.0004908571428571429 18
1768891121904 0.0004625714285714286 19
1768891131489 0.00043428571428571436 20
1768891140260 0.00040600000000000006 21
1768891149964 0.00037771428571428575 22
1768891159688 0.00034942857142857144 23
1768891169303 0.00032114285714285713 24
1768891178330 0.0002928571428571429 25
1768891188061 0.0002645714285714286 26
1768891197595 0.00023628571428571427 27
1768891206999 0.00020799999999999996 28
1768891216593 0.00017971428571428565 29
1768891226216 0.0001514285714285715 30
1768891234895 0.00012314285714285717 31
1768891244478 9.485714285714288e-05 32
1768891254102 6.657142857142859e-05 33
1768891263722 3.82857142857143e-05 34
