1768890947731 0.43905 0
1768890956203 0.43872 1
1768890965230 0.45494 2
1768890974233 0.44922 3
1768890982307 0.44565 4
1768890991665 0.46224 5
1768891001274 0.48027 6
1768891010875 0.47703 7
1768891019679 0.47503 8
1768891029301 0.49028 9
1768891038981 0.4835 10
1768891047626 0.47124 11
1768891057534 0.47993 12
1768891067189 0.46835 13
1768891076067 0.47047 14
1768891085708 0.46177 15
1768891095349 0.4483 16
1768891104946 0.44028 17
1768891113598 0.46328 18
1768891123160 0.4643 19
1768891132742 0.47272 20
1768891141523 0.4413 21
1768891151285 0.45004 22
1768891160964 0.45757 23
1768891170624 0.48124 24
1768891179625 0.45476 25
1768891189317 0.46077 26
1768891199489 0.4692 27
1768891208235 0.47109 28
1768891217858 0.47806 29
1768891227471 0.465 30
1768891236187 0.50055 31
1768891245741 0.49643 32
1768891255369 0.51576 33
1768891265007 0.47368 34
1768891273276 0.5158122868330575 34
