1768890947731 0.28295 0
1768890956203 0.30663 1
1768890965230 0.31138 2
1768890974233 0.31885 3
1768890982307 0.31039 4
1768890991665 0.32452 5
1768891001274 0.34746 6
1768891010875 0.34314 7
1768891019679 0.33848 8
1768891029301 0.3581 9
1768891038981 0.35289 10
1768891047626 0.33925 11
1768891057534 0.35005 12
1768891067189 0.3352 13
1768891076067 0.34097 14
1768891085708 0.33108 15
1768891095349 0.3218 16
1768891104946 0.31883 17
1768891113598 0.33953 18
1768891123160 0.34489 19
1768891132742 0.34931 20
1768891141523 0.3134 21
1768891151285 0.32502 22
1768891160964 0.33197 23
1768891170624 0.34834 24
1768891179625 0.33206 25
1768891189317 0.32995 26
1768891199489 0.33693 27
1768891208235 0.34332 28
1768891217858 0.34589 29
1768891227471 0.33861 30
1768891236187 0.36164 31
1768891245741 0.3611 32
1768891255369 0.37161 33
1768891265007 0.34547 34
1768891273276 0.37246144945151166 34
