1768890947731 0.44868 0
1768890956203 0.43078 1
1768890965230 0.46466 2
1768890974233 0.43192 3
1768890982307 0.44824 4
1768890991665 0.47153 5
1768891001274 0.44968 6
1768891010875 0.44542 7
1768891019679 0.44728 8
1768891029301 0.44896 9
1768891038981 0.45514 10
1768891047626 0.45335 11
1768891057534 0.45874 12
1768891067189 0.47064 13
1768891076067 0.44652 14
1768891085708 0.44644 15
1768891095349 0.43593 16
1768891104946 0.4345 17
1768891113598 0.44573 18
1768891123160 0.43136 19
1768891132742 0.44383 20
1768891141523 0.43229 21
1768891151285 0.44152 22
1768891160964 0.41883 23
1768891170624 0.43445 24
1768891179625 0.4358 25
1768891189317 0.43382 26
1768891199489 0.43051 27
1768891208235 0.44111 28
1768891217858 0.44767 29
1768891227471 0.42952 30
1768891236187 0.43002 31
1768891245741 0.44516 32
1768891255369 0.44564 33
1768891265007 0.43918 34
1768891273276 0.4383518411688161 34
