1768890947731 0.66354 0
1768890956203 0.74422 1
1768890965230 0.69341 2
1768890974233 0.77442 3
1768890982307 0.82613 4
1768890991665 0.78136 5
1768891001274 0.81165 6
1768891010875 0.83113 7
1768891019679 0.8009 8
1768891029301 0.8672 9
1768891038981 0.84735 10
1768891047626 0.80909 11
1768891057534 0.84763 12
1768891067189 0.81772 13
1768891076067 0.86699 14
1768891085708 0.84188 15
1768891095349 0.83551 16
1768891104946 0.86561 17
1768891113598 0.83897 18
1768891123160 0.90492 19
1768891132742 0.86136 20
1768891141523 0.87535 21
1768891151285 0.86636 22
1768891160964 0.84939 23
1768891170624 0.87211 24
1768891179625 0.89133 25
1768891189317 0.84737 26
1768891199489 0.90447 27
1768891208235 0.82644 28
1768891217858 0.85636 29
1768891227471 0.8662 30
1768891236187 0.90383 31
1768891245741 0.80388 32
1768891255369 0.85947 33
1768891265007 0.83613 34
1768891273276 0.8874101747664966 34
