1768890944070 1.31436 0
1768890954913 1.18455 1
1768890963996 1.13202 2
1768890972978 1.13536 3
1768890981084 1.09087 4
1768890990382 1.11677 5
1768890999987 1.04981 6
1768891009602 1.07282 7
1768891018378 1.05707 8
1768891028012 1.05874 9
1768891037716 1.0333 10
1768891046374 1.02199 11
1768891055948 1.02096 12
1768891065920 0.97922 13
1768891075435 0.95885 14
1768891084415 0.97707 15
1768891094091 0.99066 16
1768891103686 0.9701 17
1768891112337 0.93443 18
1768891121904 0.93376 19
1768891131489 0.93303 20
1768891140260 0.92768 21
1768891149964 0.91791 22
1768891159688 0.91918 23
1768891169303 0.90889 24
1768891178330 0.83854 25
1768891188061 0.84937 26
1768891197595 0.82221 27
1768891206999 0.80087 28
1768891216593 0.80405 29
1768891226216 0.79239 30
1768891234895 0.78177 31
1768891244478 0.7797 32
1768891254102 0.76567 33
1768891263722 0.76384 34
