1768890944070 2.407 0
1768890954913 1.58127 1
1768890963996 1.46857 2
1768890972978 1.41747 3
1768890981084 1.33589 4
1768890990382 1.31914 5
1768890999987 1.28963 6
1768891009602 1.25938 7
1768891018378 1.2569 8
1768891028012 1.22578 9
1768891037716 1.19966 10
1768891046374 1.18673 11
1768891055948 1.15664 12
1768891065920 1.1437 13
1768891075435 1.14638 14
1768891084415 1.14367 15
1768891094091 1.13369 16
1768891103686 1.10109 17
1768891112337 1.08821 18
1768891121904 1.08458 19
1768891131489 1.07407 20
1768891140260 1.06659 21
1768891149964 1.02804 22
1768891159688 1.02462 23
1768891169303 0.99936 24
1768891178330 0.95226 25
1768891188061 0.91833 26
1768891197595 0.90898 27
1768891206999 0.87798 28
1768891216593 0.88847 29
1768891226216 0.87116 30
1768891234895 0.82572 31
1768891244478 0.81112 32
1768891254102 0.80002 33
1768891263722 0.76405 34
