1768890944070 1.23259 0
1768890954913 1.15815 1
1768890963996 1.11581 2
1768890972978 1.13343 3
1768890981084 1.09815 4
1768890990382 1.10115 5
1768890999987 1.05793 6
1768891009602 1.08685 7
1768891018378 1.07195 8
1768891028012 1.08898 9
1768891037716 1.0709 10
1768891046374 1.06071 11
1768891055948 1.06584 12
1768891065920 1.02508 13
1768891075435 1.0243 14
1768891084415 1.04161 15
1768891094091 1.03971 16
1768891103686 1.03975 17
1768891112337 1.01538 18
1768891121904 1.01389 19
1768891131489 1.00775 20
1768891140260 1.00803 21
1768891149964 1.00726 22
1768891159688 1.00026 23
1768891169303 0.99556 24
1768891178330 0.97465 25
1768891188061 0.96605 26
1768891197595 0.96269 27
1768891206999 0.95315 28
1768891216593 0.9545 29
1768891226216 0.94318 30
1768891234895 0.93775 31
1768891244478 0.94844 32
1768891254102 0.93092 33
1768891263722 0.93516 34
